30
6
5 2 4 6 3 1
6
2 4 8 16 32 64
3
1 1 1
3
200000 200000 200000
200
61020 101790 17820 106380 39150 62640 32400 94230 32544 54288 9504 56736 20880 33408 17280 50256 66218 110461 19338 115442 42485 67976 35160 102257 4068 6786 1188 7092 2610 4176 2160 6282 43392 72384 12672 75648 27840 44544 23040 67008 11526 19227 3366 20094 7395 11832 6120 17799 58308 97266 17028 101652 37410 59856 30960 90042 21922 36569 6402 38218 14065 22504 11640 33853 270 144 293 18 192 51 258 97 226 377 66 394 145 232 120 349 169576 62096 196548 114045 58118 12829 96832 5652 188244 131802 48965 129529 87232 46612 112644 92669 189117 46710 113560 120504 131981 67804 131502 98231 13435 14092 158366 121642 147710 104212 136854 475 137683 26113 40106 77675 39479 150516 176985 199314 33662 75576 57654 79505 143453 176975 160135 114003 5710 96706 163243 7242 57943 93117 137977 14915 155199 92278 160991 125629 185429 68847 143030 88813 9970 38253 87191 94275 47937 38421 10106 47024 45692 156927 11350 52358 172353 179587 109671 148394 156718 184944 21587 164689 127207 76582 135934 95020 165971 142507 7497 95293 153479 187426 23709 144011 196668 990 136797 2196 134593 66628 147095 96926 70606 29337 89779 151603 63660 28148 66900 164541 25162 112675 155994 152550 6536 26597 199768 104689
200
107240 64680 6720 98280 105840 105840 75320 41440 119840 119280 113960 108640 71621 43197 4488 65637 70686 70686 50303 27676 80036 79662 76109 72556 165839 100023 10392 151983 163674 163674 116477 64084 185324 184458 176231 168004 56301 33957 3528 51597 55566 55566 39543 21756 62916 62622 59829 57036 162009 97713 10152 148473 159894 159894 113787 62604 181044 180198 172161 164124 29491 17787 1848 27027 29106 29106 20713 11396 32956 32802 31339 29876 139795 84315 8760 128115 137970 137970 98185 54020 156220 155490 148555 141620 171201 103257 10728 156897 168966 168966 120243 66156 191316 190422 181929 173436 119496 72072 7488 109512 117936 117936 83928 46176 133536 132912 126984 121056 58216 35112 3648 53352 57456 57456 40888 22496 65056 64752 61864 58976 63195 38115 3960 57915 62370 62370 44385 24420 70620 70290 67155 64020 7660 4620 480 7020 7560 7560 5380 2960 8560 8520 8140 7760 280 187 433 147 423 77 365 447 312 152 165 20 383 231 24 351 378 378 269 148 428 426 407 388 173601 106860 183939 17039 194368 106034 86935 186974 26975 88093 19818 22270 156013 167972 31773 173019 192759 195263 36324 99419 68359 99813 40447 20718 97614 27748 154942 65820 146075 161355 169572 9243
200
0 0 0 0 0 0 0 0 0 0 0 0 0 0 0 0 0 0 0 0 0 0 0 0 0 0 0 0 0 0 0 0 0 0 0 0 0 0 0 0 0 0 0 0 0 0 0 0 0 0 0 0 0 0 0 0 0 0 0 0 0 0 0 0 0 0 0 0 0 0 0 0 0 0 0 0 0 0 0 0 0 0 0 0 0 0 0 0 0 0 0 0 0 0 0 0 0 0 0 0 113224 12094 141873 149523 83383 20789 59429 124132 143049 160164 56986 106844 18104 16934 148119 23471 141728 79988 521 181104 74622 107287 123145 56403 115954 60708 174106 102292 175419 42361 132016 176300 127029 199347 110884 125724 190338 192291 135788 18731 161924 15142 63636 108984 190022 138979 91042 66703 31311 74254 39166 79793 35667 170982 152721 5198 128270 32252 26589 174922 188431 190936 112155 41649 81180 63160 67827 112301 125042 127269 20926 111828 67606 4086 89556 35172 150019 194901 193718 180971 28150 13026 188305 163005 163017 75560 100345 196030 133071 167558 47055 78627 192551 139536 110112 114128 2163 70759 75924 38677
200
66173 75262 34179 189884 81249 52883 179525 5722 181032 137717 110068 83825 23812 40673 40030 51607 145706 10644 3327 46541 163284 110351 185196 94193 128568 17113 163819 42270 8563 84324 151510 3856 28834 125354 180670 125930 187479 198665 133099 187365 58742 53306 42579 155819 100689 141475 178565 160604 98064 98026 192806 124005 128837 69583 117646 186087 107281 78353 69200 189187 91949 197027 60016 88891 70037 3141 119036 149337 124586 14127 4198 182916 182351 50231 1068 104881 49136 153939 103784 4124 175602 192853 142715 124426 80508 12976 2778 146272 126105 29891 377 43260 139852 127627 10954 16348 175368 152692 110076 67377 193470 16162 41682 128442 75654 37831 28887 96130 17635 92213 116698 17442 73542 45450 130798 80074 58588 168674 9851 54293 171459 128267 197037 118605 162930 11499 122982 135945 60472 38343 175884 90040 184834 103901 156399 135003 73762 160208 166825 108145 191910 92784 11939 75417 151419 145903 56222 109556 12885 9812 19562 192676 194879 34710 148814 129632 44737 17739 106257 30542 39069 18210 132903 43638 73708 57219 121471 185094 144238 48863 94566 101679 52210 194543 140469 48178 40405 114516 169585 23980 150113 12188 4912 86731 33612 43593 47540 19295 154683 181071 36035 104160 63767 49100 196187 169037 75603 181188 155982 46202
200
160017 178965 103439 164209 23509 194165 92030 149155 5774 30388 35262 118019 32419 17605 13255 175832 139695 85481 47394 144920 64348 116133 109071 117940 94753 86192 58684 74717 176856 37144 113572 107472 35280 27727 142325 5326 171369 98602 138867 162833 184657 197895 40117 51669 155238 28209 92305 155878 84217 169219 79333 135038 110938 137210 10974 113247 10648 7624 189347 61018 162512 112416 112755 61018 114411 73198 183907 108434 159368 123227 185846 109201 167942 67399 18344 74673 81569 88398 173197 74083 104026 167187 51241 83821 174436 167372 83946 90905 61963 162954 133541 161615 198696 53272 135869 58159 188349 152725 38292 94828 131315 162574 96764 91832 19762 191421 77563 52507 172195 106849 195092 128846 74332 79969 115994 191850 90615 172293 84958 186518 99717 188050 6879 123580 16010 91644 145221 75783 163211 130883 192340 80421 153535 3853 49951 63013 31862 169901 29985 83855 173969 144093 151888 92651 174800 177534 100087 83458 20236 74675 199256 13223 7700 189913 138429 4699 21126 187573 78577 181676 24747 176183 121586 176814 118016 189804 37270 193334 123460 124225 126832 114168 171545 18201 23478 25200 70894 89791 147907 149059 149962 55275 118769 41361 27167 177548 12084 132303 126817 51654 44431 197010 2194 32324 150350 126017 57637 63881 113811 139197
200
181413 68146 170097 3548 44905 521 40515 110929 61421 138502 80498 73615 109226 177283 156574 173970 27194 27729 7102 192693 7763 182420 134048 31092 180017 86055 33707 154291 137053 99625 162154 337 83853 136462 17827 55530 72630 15390 100830 177209 21169 188788 8401 20483 64248 45493 76212 188229 60583 65742 20112 89905 179299 13866 45954 103620 120867 63508 48287 23990 29618 70782 33786 198479 129820 68661 966 152111 93084 53057 169067 44487 86615 132938 193764 26503 97971 103287 112088 78504 97095 14428 53223 143678 146659 198265 26278 3980 55462 175208 177764 102742 176651 34069 105303 92510 145247 18392 24924 1087 103219 51195 80951 100587 62103 64390 136904 90449 115137 163392 26545 136930 11845 117747 38072 192962 94502 96998 106764 53701 177361 135865 155424 64645 49032 79424 40973 101140 70308 188168 181186 138358 107877 169978 96052 171131 146982 139304 54208 44573 55856 75685 112082 197215 66180 88124 61485 59145 116174 94999 68909 167779 148015 185758 191432 78334 9502 184180 70478 180182 60043 133041 42964 104836 80223 65807 135813 30429 32522 185025 62910 17374 26240 122039 132271 97211 23686 174900 59689 113316 52308 43969 31609 52321 91138 171635 175751 80677 61057 114859 136921 142804 101528 162949 130694 77676 1963 117608 143699 4997
200
0 0 0 0 0 0 0 0 0 0 0 0 0 0 0 0 0 0 0 0 0 0 0 0 0 0 0 0 0 0 0 0 0 0 0 0 0 0 0 0 0 0 0 0 0 0 0 0 0 0 0 0 0 0 0 0 0 0 0 0 0 0 0 0 0 0 0 0 0 0 0 0 0 0 0 0 0 0 0 0 0 0 0 0 0 0 0 0 0 0 0 0 0 0 0 0 0 0 0 0 0 0 0 0 0 0 0 0 0 0 0 0 0 0 0 0 0 0 0 0 0 0 0 0 0 0 0 0 0 0 0 0 0 0 0 0 0 0 0 0 0 0 0 0 0 0 0 0 0 0 0 0 0 0 0 0 0 0 0 0 0 0 0 0 0 0 0 0 0 0 0 0 0 0 0 0 0 0 0 0 0 0 0 0 0 0 0 0 0 0 0 0 0 0 0 0 0 0 0 0
200
121530 186265 173193 60628 193009 19315 162367 91583 190885 49024 81838 184925 157894 152631 190640 192523 79851 18574 38277 96977 9812 56289 76467 126713 75421 1677 41827 87164 21152 37058 97874 134063 166083 64091 151430 186054 26421 62731 66446 95805 47344 82084 180518 105831 158321 86043 30788 27077 58802 152882 173081 104306 58757 6947 137543 92680 58382 128040 53067 52286 56702 115624 171279 119188 116540 147369 67282 158501 143835 178472 12600 177029 105460 24905 100147 11243 10711 82039 183083 155450 161402 49954 129954 44503 121235 38984 34061 39079 78933 186159 45754 81282 7293 145105 172006 77627 22104 71375 161995 101732 29925 158089 28353 5977 72363 174858 69811 19536 59498 55533 186918 128130 53582 33008 125073 96285 47648 108165 183902 199775 173825 63075 199280 151838 161292 72635 45991 119590 132306 123131 58689 140750 142007 140616 42589 153464 19087 2579 161986 44283 110435 73205 74370 179110 123941 110001 60535 188684 78955 110474 127365 29162 97811 42464 188594 96947 139983 60243 77757 194511 150281 35058 132029 96222 30028 25338 164320 166917 17184 50610 95383 176902 168086 171653 119494 50526 173452 113725 54804 26528 36148 194147 2449 188759 46514 32478 112824 147439 93489 92039 126332 45259 195260 169215 119780 153393 175509 16050 170953 69765
200
27234 128371 41340 38013 111515 57272 83754 127893 102090 103312 190981 24678 42800 61755 46727 115433 196275 65436 10631 29407 179478 108887 42480 133294 56675 82834 192109 81646 146672 125981 76334 121255 25226 153879 10140 106539 55662 98247 3855 26113 120940 103359 75059 187804 101039 35663 151358 140684 76673 24257 100842 28493 112761 75643 137804 152394 53417 96358 184631 183394 99552 32 52959 152717 189820 131478 28358 75739 168200 87412 101977 12203 131695 191901 28511 65679 158092 93253 35551 75902 182473 105161 84489 63067 39935 36718 115311 199546 137855 199151 25987 160288 100812 139279 10963 54612 85705 193714 89747 194199 166672 35932 44825 81773 8841 168398 12403 190625 129969 31224 188451 65024 35632 144695 151105 52720 74702 130715 64968 81274 104713 161680 42562 168884 171119 59743 150692 29930 106169 98225 71552 159766 166324 147911 125642 164560 161529 119979 2770 109144 78775 197854 101528 128347 189334 114464 83196 54754 196236 16222 9631 67310 17743 56976 17319 159384 126260 89298 84752 45207 34641 116582 83474 67290 199143 123617 35252 123358 194250 24216 176946 135369 68654 183306 70317 77775 123126 161894 130278 167356 160578 194282 35901 94574 158352 62923 71987 3091 184939 149244 19116 117057 34875 94720 109191 34537 197555 139471 131272 1957
200
1 1 1 1 1 1 1 1 1 1 1 1 1 1 1 1 1 1 1 1 1 1 1 1 1 1 1 1 1 1 1 1 1 1 1 1 1 1 1 1 1 1 1 1 1 1 1 1 1 1 1 1 1 1 1 1 1 1 1 1 1 1 1 1 1 1 1 1 1 1 1 1 1 1 1 1 1 1 1 1 1 1 1 1 1 1 1 1 1 1 1 1 1 1 1 1 1 1 1 1 1 1 1 1 1 1 1 1 1 1 1 1 1 1 1 1 1 1 1 1 1 1 1 1 1 1 1 1 1 1 1 1 1 1 1 1 1 1 1 1 1 1 1 1 1 1 1 1 1 1 1 1 1 1 1 1 1 1 1 1 1 1 1 1 1 1 1 1 1 1 1 1 1 1 1 1 1 1 1 1 1 1 1 1 1 1 1 1 1 1 1 1 1 1 1 1 1 1 1 1
200
29870 114131 67998 63758 168719 195893 66485 166396 134105 24091 63685 196514 81385 191425 110191 119205 140411 72476 149301 118101 106269 12708 43969 91316 115879 132648 95326 89195 147261 133555 151193 148248 106496 133083 67113 132167 151102 108537 122845 22364 134138 78124 86113 4671 93124 145442 77675 98016 32514 22058 130978 178664 24839 177937 127577 177289 188256 160237 176790 2375 35900 190138 55773 33485 9427 187806 65326 159623 163565 171792 72632 69942 28426 138607 58714 149497 174977 195051 173729 13380 67283 43179 73480 89981 47476 56985 90122 53460 154349 137321 187402 85809 46790 77073 92758 107162 172595 158513 173021 116162 96816 91992 179953 111369 143824 43759 152558 141383 73823 94973 63624 21842 9667 52806 70138 152311 174885 57611 23097 181330 77740 144304 178190 165590 92894 50606 76079 49802 93518 188033 138683 23700 18991 173070 151190 146864 162340 122299 175971 16973 75042 159231 38231 155449 162433 105286 117354 51835 30756 61189 142046 93251 191612 54917 65382 28192 74165 128134 113365 186963 4361 186141 123924 19897 156160 33425 170106 95370 63041 123464 89067 91521 154410 174379 107694 43795 92012 94021 77218 117396 121739 103425 21297 90891 149032 141828 156512 134487 138715 100503 177874 64882 46535 60860 13708 1287 30083 28887 73451 178070
3
65537 65537 131073
200
17145 133350 42291 11811 158115 123444 123063 91440 13275 103250 32745 9145 122425 95580 95285 70800 15345 119350 37851 10571 141515 110484 110143 81840 4680 36400 11544 3224 43160 33696 33592 24960 2520 19600 6216 1736 23240 18144 18088 13440 1890 14700 4662 1302 17430 13608 13566 10080 15885 123550 39183 10943 146495 114372 114019 84720 3465 26950 8547 2387 31955 24948 24871 18480 381 295 341 104 56 42 353 77 45 350 111 31 415 324 323 240 78261 104568 106309 178129 30086 6680 182648 155019 26586 25190 159715 23266 171517 153025 68600 57777 158245 72637 137905 154234 107423 107787 55373 12209 45800 22922 53059 150874 147489 4778 91894 137589 27928 145754 16941 198016 29934 101058 167539 157110 26088 160549 134814 109507 24735 77232 169754 51197 67890 46049 165196 73399 195758 25559 186875 1823 41479 80169 95634 186718 17646 23609 41219 188360 161966 110958 183881 96883 148467 14456 67681 168679 163832 129654 188979 131448 94993 88650 153872 36086 176155 153787 126029 66227 13809 93876 29058 194336 195227 122047 22659 191844 174133 98695 78655 4844 4588 126303 191135 11410 7190 45652 122938 46568 114115 147883 16067 109693 2719 179434 22303 104212 22178 151164 149445 50161 27722 8972 173554 70779
200
24490 5293 21409 27571 2054 14457 9085 34207 33338 12245 25675 97960 21172 85636 110284 8216 57828 36340 136828 133352 48980 102700 23250 5025 20325 26175 1950 13725 8625 32475 31650 11625 24375 92070 19899 80487 103653 7722 54351 34155 128601 125334 46035 96525 54250 11725 47425 61075 4550 32025 20125 75775 73850 27125 56875 124310 26867 108671 139949 10426 73383 46115 173633 169222 62155 130325 137640 29748 120324 154956 11544 81252 51060 192252 187368 68820 144300 73470 15879 64227 82713 6162 43371 27255 102621 100014 36735 77025 72540 15678 63414 81666 6084 42822 26910 101322 98748 36270 76050 99510 21507 86991 112029 8346 58743 36915 138993 135462 49755 104325 88040 19028 76964 99116 7384 51972 32660 122972 119848 44020 92300 79 316 75 297 175 401 444 237 234 321 284 310 67 271 349 26 183 115 433 422 155 325 96351 117492 63023 112165 28896 61201 105481 93929 88044 139337 138506 153893 95045 182485 155561 134041 46324 157521 181963 92409 76816 108842 145858 83280 29031 73487 164200 101765 195068 183969 125092 184286 103736 58392 104934 122687 152882 189758 63151 29718 193708 114263 45811 32370 114288 104199 33722 104298 69611 129715 112118 41241 128583 84274 76456 99472 168459
200
95706 87516 101088 72072 41886 6552 72072 44928 54990 34866 31824 17550 138242 126412 146016 104104 60502 9464 104104 64896 79430 50362 45968 25350 11452 10472 12096 8624 5012 784 8624 5376 6580 4172 3808 2100 18405 16830 19440 13860 8055 1260 13860 8640 10575 6705 6120 3375 22086 20196 23328 16632 9666 1512 16632 10368 12690 8046 7344 4050 38855 35530 41040 29260 17005 2660 29260 18240 22325 14155 12920 7125 137015 125290 144720 103180 59965 9380 103180 64320 78725 49915 45560 25125 104295 95370 110160 78540 45645 7140 78540 48960 59925 37995 34680 19125 173416 158576 183168 130592 75896 11872 130592 81408 99640 63176 57664 31800 28221 25806 29808 21252 12351 1932 21252 13248 16215 10281 9384 5175 25767 23562 27216 19404 11277 1764 19404 12096 14805 9387 8568 4725 86708 79288 91584 65296 37948 5936 65296 40704 49820 31588 28832 15900 234 338 28 45 54 95 335 255 424 69 63 212 409 374 432 308 179 28 308 192 235 149 136 75 164385 24292 2360 156115 131632 12808 61741 173223 15396 8452 64461 175850 97565 69541 13649 71322 28551 165145 110172 198886 100251 78119 56787 75882 137246 183676 104489 187454 163552 140988 142681 170828
200
0 0 0 0 0 0 0 0 0 0 0 0 0 0 0 0 0 0 0 0 0 0 0 0 0 0 0 0 0 0 0 0 0 0 0 0 0 0 0 0 0 0 0 0 0 0 0 0 0 0 0 0 0 0 0 0 0 0 0 0 0 0 0 0 0 0 0 0 0 0 0 0 0 0 0 0 0 0 0 0 0 0 0 0 0 0 0 0 0 0 0 0 0 0 0 0 0 0 0 0 187317 64837 191443 24197 108692 184257 43431 17467 148840 133407 9402 109962 119131 51990 181760 185821 52864 127673 169229 173814 155643 2459 91132 37479 6889 147970 86858 176882 87773 53452 49745 180057 173147 174227 14144 174683 98874 44063 158478 86586 141231 148299 2949 146324 80076 108941 59532 40042 143033 40563 118187 19204 76251 158831 46922 187250 53084 114384 95635 193 110042 114355 103704 137577 139874 116103 139326 28061 19739 69024 2221 138473 150554 88660 63039 177513 73963 187840 109619 142086 16817 40365 149167 61471 43713 48911 6301 18361 165365 161257 22345 4320 4244 77536 78618 158726 123295 57896 182297 25034
200
24549 1837 58450 51436 33400 60955 19539 10187 12054 902 28700 25256 16400 29930 9594 5002 42483 3179 101150 89012 57800 105485 33813 17629 33516 2508 79800 70224 45600 83220 26676 13908 61005 4565 145250 127820 83000 151475 48555 25315 43953 3289 104650 92092 59800 109135 34983 18239 3381 253 8050 7084 4600 8395 2691 1403 58653 4389 139650 122892 79800 145635 46683 24339 167 82 289 228 415 299 23 399 147 11 350 308 200 365 117 61 107305 57531 79113 186937 165772 150039 82711 47374 14068 165251 156026 82559 65010 176867 49902 122057 85082 19681 3148 97421 128408 68171 117401 42018 104845 136131 101659 167676 59632 94046 198977 87063 23952 196706 187123 173324 81609 109853 158747 78583 33280 182481 168999 58140 93612 180555 190529 621 124433 174632 166220 25475 122918 63515 103559 83020 54435 10785 142664 100363 181357 162866 171222 179345 77687 44743 50226 65905 163258 87499 172695 27598 51462 28667 69805 100341 58481 89318 63320 128440 65802 49906 183489 165613 21569 196925 32262 92921 747 140326 93159 9244 41525 106846 4121 127310 95364 9847 97132 133877 157106 90309 106121 143644 192286 139942 54204 184507 47359 177919 26766 172925 182604 107459 165130 37344 17791 137933 31671 1409
200
65537 131073 131073 65537 65537 65537 131073 65537 65537 65537 131073 65537 131073 65537 131073 65537 131073 131073 65537 131073 131073 65537 65537 131073 131073 65537 131073 65537 65537 65537 131073 131073 65537 65537 65537 65537 131073 131073 131073 65537 65537 65537 65537 65537 65537 131073 65537 65537 131073 131073 65537 65537 131073 131073 65537 131073 131073 65537 65537 131073 65537 131073 65537 65537 131073 131073 131073 131073 65537 131073 131073 65537 131073 131073 131073 65537 131073 131073 131073 65537 65537 131073 65537 131073 65537 131073 65537 131073 65537 65537 131073 131073 65537 131073 131073 65537 65537 131073 65537 131073 65537 65537 65537 131073 65537 65537 65537 131073 131073 65537 131073 65537 65537 131073 65537 131073 131073 65537 131073 131073 131073 65537 65537 65537 65537 131073 65537 65537 65537 131073 131073 131073 131073 65537 65537 65537 131073 131073 131073 131073 65537 131073 65537 65537 65537 131073 65537 131073 65537 65537 131073 131073 131073 65537 65537 131073 65537 65537 65537 65537 131073 65537 131073 131073 65537 65537 65537 131073 131073 65537 131073 131073 131073 131073 131073 65537 65537 131073 131073 65537 131073 131073 131073 131073 131073 65537 65537 65537 131073 65537 131073 131073 65537 131073 131073 131073 131073 65537 131073 65537
200
36936 58976 49400 39216 57760 53200 58976 22842 36472 30550 24252 35720 32900 36472 75087 119892 100425 79722 117420 108150 119892 50787 81092 67925 53922 79420 73150 81092 38880 62080 52000 41280 60800 56000 62080 6075 9700 8125 6450 9500 8750 9700 35478 56648 47450 37668 55480 51100 56648 152 94 309 209 160 25 146 243 388 325 258 380 350 388 159426 167666 125433 55516 93480 194965 42984 193371 115295 187066 60360 66818 97798 4935 9148 180176 114634 128258 135887 100226 82521 155156 162817 109125 155262 81350 192724 195830 122256 179896 3856 197547 127182 50329 75885 39126 73030 80456 22293 119752 38600 150103 76635 178510 4287 58546 174166 55750 48859 182825 174736 10876 105855 145190 135632 814 72424 20699 125472 124895 28168 20436 5792 69141 167143 183895 150981 10047 167184 77097 161668 79893 143878 32981 78280 197676 81941 25025 128810 169974 196257 15704 145943 35846 3206 177245 155876 124540 69555 12852 91266 109964 89025 71420 193068 66653 89619 163440 50433 181021 183028 84593 193900 149467 47364 26779 54690 46266 58914 180495 69891 110846 170530 10179 36541 198917 142771 163411 166100 128236 157787 13715 21801 147171 7391 140311 171560 14023 199942 160181 75342 144527 15580 150792 69944 42908 75645
200
7438 40230 60826 173079 12906 108283 162903 101053 156578 102887 54703 114764 105853 124714 177721 138286 78679 60465 185524 55266 85900 148262 37998 16855 130794 116821 160738 48832 52880 35711 145926 123345 1144 85340 126743 14930 134020 138171 185591 199447 9931 146784 176438 77776 85884 110243 156177 34197 14281 152198 82012 36563 189788 81440 25348 91096 157564 655 59283 145313 92507 62284 14400 189436 178146 71558 43918 48359 90918 146300 21376 118747 37140 166030 175921 92413 118950 134232 91468 14440 124526 17827 107610 131609 143818 33434 155033 91486 165184 36990 49415 183295 33916 22732 38861 115626 30918 177526 18860 116399 20517 91065 45468 14663 134095 104458 59485 194181 118437 111117 86779 54024 194765 14119 33590 52885 95393 170209 170492 136414 57704 107836 87957 151413 20286 9995 132800 140968 7306 164161 106991 55391 163965 82626 142647 44379 71182 122499 132412 90269 6110 53512 159291 24688 84404 184136 135730 97281 190302 31908 177632 61038 36155 99357 143605 60977 4943 43996 185894 176117 146194 56096 178946 57105 184953 22421 80481 23169 187239 130215 37091 51814 14163 50621 25148 148822 120372 40917 118810 183685 37372 49238 77250 9725 13593 83690 140764 76033 41063 18869 77700 6783 80470 104310 39341 40854 169800 153287 88726 38869
200
57798 54093 40800 30928 136133 190120 28375 80071 3887 121322 85159 27754 22454 53273 114585 9039 45830 132307 195682 24733 125000 97091 186393 49464 185030 147994 56184 36434 157468 146388 80786 78348 189438 107010 67986 56610 155740 133397 176885 92301 149432 147436 10175 107747 123803 156073 152450 55901 178550 80920 25044 55280 98515 105400 50234 126715 27550 98566 139292 66946 3408 37058 132728 21250 151512 117015 103438 193205 184787 95554 145710 89343 104305 191277 73400 8914 44859 2922 147357 26585 62243 167637 169120 111197 7244 11730 107202 88 139264 66204 193076 65204 150171 63233 188860 90767 137803 51074 131367 141810 174613 117189 79618 3465 126572 142598 96944 170616 133625 66538 87126 141178 162055 31041 111830 39236 59510 20474 124255 141688 188321 98057 6312 81750 183891 64689 104353 2833 74134 83108 168765 126788 191704 17160 83972 109079 107570 28740 157313 176785 49878 103001 94904 135267 178323 87138 141192 129009 37989 146647 119721 59158 97897 114433 183248 186821 19255 8516 183584 85255 90873 69155 147845 112108 24328 168258 147823 104014 64017 85786 47668 160444 35021 39368 148996 54520 124559 80770 173213 192971 101491 90076 124794 177687 127911 89547 51135 103742 86330 49585 19525 45493 197662 75837 180906 173583 50743 65135 93075 131244
200
200000 200000 200000 200000 200000 200000 200000 200000 200000 200000 200000 200000 200000 200000 200000 200000 200000 200000 200000 200000 200000 200000 200000 200000 200000 200000 200000 200000 200000 200000 200000 200000 200000 200000 200000 200000 200000 200000 200000 200000 200000 200000 200000 200000 200000 200000 200000 200000 200000 200000 200000 200000 200000 200000 200000 200000 200000 200000 200000 200000 200000 200000 200000 200000 200000 200000 200000 200000 200000 200000 200000 200000 200000 200000 200000 200000 200000 200000 200000 200000 200000 200000 200000 200000 200000 200000 200000 200000 200000 200000 200000 200000 200000 200000 200000 200000 200000 200000 200000 200000 200000 200000 200000 200000 200000 200000 200000 200000 200000 200000 200000 200000 200000 200000 200000 200000 200000 200000 200000 200000 200000 200000 200000 200000 200000 200000 200000 200000 200000 200000 200000 200000 200000 200000 200000 200000 200000 200000 200000 200000 200000 200000 200000 200000 200000 200000 200000 200000 200000 200000 200000 200000 200000 200000 200000 200000 200000 200000 200000 200000 200000 200000 200000 200000 200000 200000 200000 200000 200000 200000 200000 200000 200000 200000 200000 200000 200000 200000 200000 200000 200000 200000 200000 200000 200000 200000 200000 200000 200000 200000 200000 200000 200000 200000 200000 200000 200000 200000 200000 200000
200
1 1 0 0 1 0 1 1 0 1 0 0 0 1 0 0 0 1 0 0 0 0 1 0 1 1 0 0 0 0 0 0 0 1 0 1 0 1 0 0 1 1 0 0 0 1 1 0 1 1 1 1 0 0 1 1 0 0 1 1 0 1 1 1 0 0 0 0 1 0 0 0 1 0 1 1 1 0 1 0 0 0 1 1 0 1 0 1 1 1 1 1 0 1 0 0 1 0 1 1 0 1 0 0 0 0 1 1 0 1 1 0 0 1 0 1 1 1 1 1 1 1 0 0 0 1 1 0 1 0 0 1 1 1 0 1 0 0 1 1 0 1 1 0 1 0 0 0 1 0 0 1 1 1 0 0 0 0 0 1 1 0 0 0 1 0 0 1 0 1 1 1 0 0 0 0 0 1 1 1 1 0 1 1 1 0 0 1 1 1 1 0 0 0 0 1 1 1 0 0
200
59178 86490 92899 38676 182809 193830 120052 165276 95977 9296 113274 147305 46150 169711 144163 157661 4663 148263 17034 125319 169954 11152 180419 195986 12612 124257 25802 156138 116571 144762 171254 170519 133940 137193 50025 86022 66696 12044 138385 129508 109209 4215 14188 58523 127296 100951 140234 171929 196700 135537 100868 160013 51872 128733 78699 183450 81672 26595 173287 44841 46160 37925 122549 79059 29546 163928 178123 120011 170608 125198 186748 107220 185687 158791 73532 135980 179814 176786 187025 87567 22867 11567 94112 98881 167472 185015 152197 74802 109252 73728 151731 165482 127670 132655 93839 171677 142047 128922 36493 129329 187162 136705 62147 90802 39712 140528 95341 63711 87629 128294 133970 139492 124139 116158 45350 100234 14479 57101 119897 38637 73749 48688 120910 79311 84538 45542 129034 51553 61128 41852 87119 155896 105323 97500 61431 3685 155520 117240 193943 101444 113811 133783 163989 48316 30497 21438 63860 179685 80916 8611 163659 109749 155267 46848 14864 146433 135172 17384 54323 105881 175947 65126 97103 67353 82601 82247 11044 195652 10655 13740 11517 135062 145363 161988 120171 95858 80615 15210 52581 124488 155344 78301 130076 120625 143497 178577 13817 72707 124528 5694 63542 2444 166549 25394 147897 16863 100027 185296 110352 51211
200
6264 3768 4392 1392 7920 1896 7776 7584 3768 9528 5496 116145 69865 81435 25810 146850 35155 144180 140620 69865 176665 101905 107793 64841 75579 23954 136290 32627 133812 130508 64841 163961 94577 4437 2669 3111 986 5610 1343 5508 5372 2669 6749 3893 39411 23707 27633 8758 49830 11929 48924 47716 23707 59947 34579 111708 67196 78324 24824 141240 33812 138672 135248 67196 169916 98012 115362 69394 80886 25636 145860 34918 143208 139672 69394 175474 101218 43587 26219 30561 9686 55110 13193 54108 52772 26219 66299 38243 19053 11461 13359 4234 24090 5767 23652 23068 11461 28981 16717 12006 7222 8418 2668 15180 3634 14904 14536 7222 18262 10534 10179 6123 7137 2262 12870 3081 12636 12324 6123 15483 8931 24 445 413 17 151 428 442 167 73 46 39 261 157 183 58 330 79 324 316 157 397 229 180059 133831 19303 133967 37852 9526 147078 141069 55501 23081 149058 22214 1588 41925 67316 117473 167717 32823 97622 56399 21883 72988 78718 129741 119548 3835 115491 10354 35640 14084 172554 86776 16008 47934 51853 166197 16252 12334 37736 34582 191112 124762 172911 60624 56695 171940 18458 185579 95756 84742 191571 129717 33312 127151 41124 143479 27918
200
0 0 1 1 0 0 1 0 1 0 0 0 1 0 0 1 1 1 0 0 1 1 1 0 1 1 1 1 0 1 1 1 0 0 1 0 0 1 1 1 1 0 1 0 0 1 1 1 0 1 1 1 1 1 0 1 1 1 0 1 0 0 1 0 1 0 0 1 0 1 0 0 1 0 0 1 1 1 0 1 0 0 1 1 0 0 1 0 1 0 0 1 1 0 1 1 1 1 0 1 1 0 0 1 0 1 0 0 1 0 1 1 1 1 0 1 1 1 1 0 0 1 1 1 0 1 1 0 0 0 0 1 0 1 1 1 1 1 1 1 0 1 0 1 0 0 0 1 1 1 0 0 0 0 0 1 1 0 1 0 1 0 0 0 0 0 1 0 0 1 1 1 1 1 1 0 1 0 1 0 1 1 1 1 0 0 0 1 1 0 0 0 1 0 0 1 0 1 1 0
