100
3 2
1 4 1 1 0 11
4 1 1 1 8 11
2 5 0 0 0 11
4 1 0 0 0 11
963 980
205302106 251083439 546359996 606803655 306843694 617134638
9405354 3795559 8809741 2738046 1478866 7056525
604322305 283440189 914116009 902442430 607967514 247771385
6773816 4408463 4344228 9583331 7347040 7411903
950 996
139239218 347835055 956768374 333117859 164362565 658442259
491303036 520972169 755007551 481794467 468493726 957666834
577449788 972645242 918794150 947305086 63011454 368031620
168671332 884537304 8173489 889302104 131484940 969827889
978 956
831461448 527650460 229873323 778700166 264473552 710495204
316241564 209942730 587829131 93658955 98045332 596176619
614206131 375733964 718886026 916538600 938456425 241195326
297984530 538566044 989457949 655474116 406266920 685073143
972 955
583719834 385646287 789319234 182930928 966145693 431195483
210638525 819123259 851471397 107608899 195408562 906567623
267512815 935860992 213741163 71633420 547912000 672734233
994676788 247421341 566021459 878163402 674402361 140303142
974 974
514125827 382710 341008824 98092157 722181656 596217526
823544043 800547792 97518147 837236263 8290848 439210856
963410136 866865105 7843209 907313328 91414062 903446614
682181267 96304890 797991573 876088895 667247323 572175705
963 972
820705442 882996489 13392344 93220353 521341547 950294642
2751388 4618775 9676594 5845149 9026249 8352992
372025789 625720146 755621448 343608698 98353130 860162780
2569296 8543567 6106679 1955285 743275 540095
985 955
928969825 792803433 515879091 44057380 436040567 609233802
5955006 4442121 8097394 3146488 2451210 5990857
628286741 564864931 415058799 718275215 991815453 445395874
7806825 1854885 308282 5027196 4779177 3466005
954 996
728525907 472698574 24804114 323772882 591540 257806945
3539976 3680325 5296110 4809323 3216483 2425743
153316364 320033931 690128675 280250023 548830523 118129684
1347187 4478656 8089164 307355 4237985 9624197
965 993
731415436 803411811 369977979 108696465 424097787 875971765
7515984 9300572 2200282 3678952 5384323 8609500
757358330 606461655 742139739 181662041 669852529 804199538
7583754 9691910 9639529 9549215 1636048 1521889
966 963
438498448 650413639 781769954 466289246 435593099 589094974
492645477 272679116 271546972 814056302 406662549 800023919
225948882 194986276 923170865 85791944 552713008 253455068
463601366 633965173 186885567 360973961 844774841 785865281
1000 1000
381400239 25801052 646158912 232186341 370569361 320248061
3591936 9724335 4430517 2060136 2831718 5073143
647326076 247683471 445232269 589169235 305126344 522979354
2722907 4766679 6282757 2562130 9165323 7445638
986 963
202056847 356853543 208552007 87677690 992363801 175745957
4532031 429128 6172595 4587869 1419808 4389440
924031507 41273435 892396494 566225939 358086733 141181027
6214740 6902010 8854147 2179146 8021374 8608931
967 998
191996709 348865219 802997272 243109574 557531809 70920530
9909187 1788991 7349127 7001423 407179 6902554
394472859 244451062 137552510 714545211 569553510 561551117
5958490 4234179 3583036 9504901 7804305 1422266
954 988
649666925 281585664 88648787 698087559 29664366 985487952
7022584 9504354 7329970 9184330 1751036 4740458
323689439 721273068 791995392 790548027 642496060 25453774
3660121 2500926 1361341 9683130 9192748 739975
951 959
7396 8477 623 9714 7450 8976
1895 1225 6048 247 3918 8846
9840 8944 5494 6703 9854 2237
3621 8257 7756 1052 4605 3665
966 952
200108609 972802311 276996610 682076229 469558191 928657151
784103693 992075238 6650391 586306959 215633898 375212116
733352172 757957516 12044168 517119377 970629197 76214982
175179208 215510252 352560515 689624348 611116179 664082668
963 990
745627006 502199378 116166428 284846129 924069722 880766894
5265266 8336348 2192373 4689675 6986507 1601363
336082977 980002039 308516395 700668298 498337654 548593097
1466130 8190435 1953655 208419 4632932 3383037
974 973
6798 6388 6064 2343 3260 9088
3473 2520 8864 9303 6248 3807
9742 2540 4092 2705 2080 4992
2959 9371 2614 5840 6227 3442
950 969
468808551 542872480 946801891 223554852 125735460 432487440
5938515 5542364 2580964 4878133 4369937 1062755
799385631 144106519 893764099 103465866 318688872 141384084
4316811 992440 4863758 889433 199047 8627413
971 983
740592483 25476955 856423389 725513171 183651609 660387955
167861907 135865062 324650781 159848269 611559108 469102728
916031174 102139195 479692396 70094889 159063127 188894084
399783556 118390826 386243523 500218046 664039234 182564017
967 984
588623874 130367019 585553736 412171199 75312071 719879743
924828113 551993616 897481885 926384372 709858084 7832925
630164576 450788139 169211121 879422417 322719720 480696418
735521355 9603861 151500809 267373562 352643775 173295693
996 970
75213069 621363342 727201341 134520554 353432241 840026423
67764844 718555889 374049336 205342180 192237022 302800712
101419768 491830239 631397679 375347244 750813878 487308300
822185060 729577929 193864579 5357569 305618529 978506858
967 963
712588582 25944634 241900593 145935640 175037609 951188054
454970 5535266 5669859 8279768 1478773 7143543
431855915 22319813 513595360 189811710 457720416 685276904
7286111 2953795 8905468 1023156 9641550 6072476
962 970
444654023 214396840 908653634 627810202 289671450 211800121
391459548 957694768 509040270 205138479 838173422 640056469
619620273 14589633 661302943 322024410 210725858 469780617
906218854 74535171 403217642 769919159 564649474 800357954
964 982
570733217 733508455 108795291 471923279 408853894 61663143
840288739 716978851 19133453 64216028 6287534 194109825
552601993 612662777 632993876 607836882 95113840 949655377
194172399 996581224 125955085 240552789 59479974 805827022
998 978
762705246 721391870 635945432 640563950 588822690 797019516
131366020 523394943 262144806 456934763 241062124 404961433
889703091 791098646 114114902 170375547 889648315 585823431
739403090 145592590 560081044 279301811 985691311 483593279
985 950
994402645 282056334 475437597 936556353 62066759 618527375
721207267 146706931 919223289 589347489 982740646 59219822
207811933 525552434 458369578 852219084 685333288 441224286
579062704 751718321 654733227 777702027 951240885 143505978
1000 1000
188671750 5708577 297641350 284844711 574271738 118086714
824593863 763707677 57007738 574732177 589541644 542020106
860061359 450568462 0 0 112453428 80242274
816084777 297218673 543278702 987023758 336783214 821418020
981 975
143576060 245816735 145741074 279694964 784835031 425508483
903902037 732577386 848417745 971009499 735143224 159185573
752381013 315565234 237395470 83950944 642991185 933156359
466714569 753560105 132554605 256403721 943737829 742093249
2 1000
99999 1 0 0 0 999
99998 2 0 0 0 999
1 2 3 4 5 131071
2 3 4 5 6 262145
957 970
176062504 880817715 805542654 393183209 894937047 522240635
500285187 364663388 744351392 391909259 81938252 938904830
427742639 174161641 965244455 21648183 295255661 197481367
246556521 163967705 247202825 998633615 514493427 501645054
1000 1000
743572698 221339227 106698784 618591795 475447684 544660860
814714870 900627605 633322325 649700198 513441185 940608095
743572698 221339227 106698784 618591795 475447684 544660860
814714870 900627605 633322325 649700198 513441185 940608095
964 997
208641536 132346441 67511074 497266398 417567006 934476605
979197482 857494142 953844562 616963038 630398598 737328450
227281756 80200581 636531464 423162517 834969389 837471992
275368756 486018865 40840507 303704819 767587810 154436413
979 987
5171340 656914059 779056047 776667118 83811104 858951002
8108947 4181178 7296224 4434545 5781788 8631499
375816063 221762080 764466156 566904835 689991672 891673993
9044035 8735983 7085660 8191856 457306 822445
993 971
335646626 32232149 35634754 705662009 754055717 62776771
2616226 3208596 6959949 3769743 1592682 3901689
387822678 671645326 734471227 231617890 515795588 645486242
273865 1765500 8838043 998441 5948849 3786735
963 990
449824535 616501301 632713315 22557951 217608537 809762397
908087696 629205392 88381734 470978527 176263925 708810063
554340731 695232818 231736737 361877524 118312320 462588576
266389755 173180051 262182652 414291621 100501228 397276522
988 963
4048 5544 2965 4834 1010 3642
59 33 2 86 95 1
4861 7144 1966 8835 2740 5831
83 18 93 1 16 2
991 995
396001396 30132088 846082180 718442562 793845720 563186109
5860032 4064274 7999157 2461172 6463114 6407982
712629621 456299161 832048161 408521183 800534502 483986906
7369064 9850295 5137586 9620929 7086975 3595294
976 975
558103504 967845032 169323080 510633179 473166370 80076744
3395463 5646698 9634083 21122 5942556 877110
213345323 100746780 779987847 413887713 851808426 746141923
9496240 9781225 1868961 8449468 3171781 9341673
990 966
368168835 284240432 458998036 624506849 117126017 293366178
746416075 990568657 899242877 313081170 286903273 802312806
385531546 751738582 717935943 629018724 614071982 270702283
521911990 113267316 478414695 843148821 872456592 592396102
985 967
71820809 340316071 132729823 453120376 462837754 822700227
934302511 773418903 521097236 589790295 35315453 546741083
10009815 26366571 233889460 66393675 308713215 19706972
100665782 597410521 877398088 679179538 288822294 510910505
963 974
797416847 8767666 212010176 891730055 895587042 444317348
8428291 3221587 9358416 1527007 2882596 3764552
412842415 797730308 389490431 252557351 809716277 95559721
6966944 8747481 3486269 3737980 8880778 675094
992 980
506642618 610291714 576002674 963549512 33513705 364280057
577414947 723267239 236116194 745562810 47065706 720608860
755672653 153628732 806272415 980288554 24387077 286020011
599658372 464269170 207168541 181473098 932115157 222556844
975 960
259094021 220777579 125492524 740879792 821833005 450012110
314469240 557978682 720040109 97659722 653984195 426031244
522726467 999542250 777335107 681801515 389853551 237832444
675670864 467968965 734620822 497622954 649598535 996878882
950 990
62966221 441724772 994848213 702772632 238373396 383057592
8657338 9280804 9763124 6023871 4377277 9398576
922095588 981389192 467345170 580888863 434785792 899748652
9788026 4397105 8506614 9376820 8518036 261600
980 966
410034689 310188650 907939579 65624694 428391678 430274210
2626667 3182228 9207663 6451846 9980800 2161386
235895404 652831351 245737847 416021635 793381761 134385621
4219452 6188169 5323639 5611353 6499540 1577002
1000 1000
1000000 2000000 1 0 999999 1000000000
500000 501000 1 0 1999 1853081
50216 514 7 445 6737 998500201
36336 33663 63 36 33 1787783
994 954
418017176 754156231 997432855 35568781 848040066 300459770
239003859 853679044 554064891 564758077 153230204 196109555
916680110 678306638 913266000 340062615 238653597 165702654
241574616 827853939 691587799 482608073 925125358 843739684
977 950
72983134 762756327 743833657 957251377 973358953 404202337
5302588 9710105 578130 6971488 6847601 7414172
65960851 960963332 886351817 171299701 481863955 320858320
8025547 8394950 6044622 7134871 583757 9357236
984 963
897118028 188259390 247407058 910557256 456334332 699189719
423869584 319350359 953133526 787190285 405541355 771127758
795126105 269527823 340366514 673898670 403655280 446385230
240457268 670128508 820727826 620454401 381157661 972764577
953 987
235958789 542204836 983332994 547333012 865527436 435943372
858521761 981029388 664753455 592147370 73571123 491631673
177672295 592810889 810114793 522757830 602402706 836086236
660859711 950397971 41438581 133148258 300340602 906359591
980 994
37732359 479025666 459365243 529040187 199046296 383053892
965211289 226993848 155153285 925140783 387874017 545472692
844807923 466268989 191008813 57311734 136073920 694782094
916517972 387236479 244837841 180389900 739389404 132015984
996 965
333811648 97269348 924611734 75862403 909895999 451740763
601585 360263 2348969 4673508 467329 245814
192848152 435889341 301404506 869249895 585688029 584247264
923412 9769813 8538084 8838429 6762852 5808083
965 965
790055867 873197783 460629728 463190372 254850866 805626535
9130577 6433636 8812583 9222713 5435875 6605028
712299314 724328003 695318961 27370468 193708077 496499909
5175921 2723166 9191553 842135 2474449 2673740
979 956
85432881 527166125 523132850 716924244 112271452 345878630
610626863 522642008 751370382 30281368 65892498 790085701
571051572 276440160 825113321 236111493 410012798 803591309
96100297 600898946 348371958 229241665 676513279 637600210
951 978
240202306 99384919 339610086 498280380 93775710 919440514
70594596 60619868 30064633 215526903 803345052 27030882
81447305 411562050 189655335 998200464 428072993 820152440
662339530 625969121 945378765 315097208 277039439 719171228
993 997
595171958 418098756 294235745 494525376 352951928 460862998
401990278 250323565 234965793 175241029 748127480 548626131
671611816 491523738 389997156 138722820 854069699 954720264
670179091 546329759 740035592 599851109 613797779 495087248
986 959
573293464 585621826 906936026 108828834 242177722 481716946
1856803 3022621 7657576 5407044 1535760 4895458
20873628 763784803 723183562 60134348 9517498 237158005
785474 5553934 4863992 9199024 5664607 8236927
989 978
380973581 153402580 388783050 30327647 783534294 542715096
5802741 165188 91843 3746184 3592038 9755617
593409614 394020893 736143540 946416057 655249728 794418163
6589017 6854461 6699302 7004200 6897949 975745
999 965
148511973 853338493 803101976 820948376 276814422 68138467
7096822 5566286 5328002 7438012 9963556 3637411
832818859 49891203 464140023 648601330 317727372 869411214
8697580 9220085 1690014 5176713 483033 6132020
989 955
504839163 952018865 257414336 929263209 98297766 328794951
5058419 383413243 920048146 581300268 115915110 815822973
657016103 942933626 929236559 505867182 59184468 139848480
11161367 283775041 194364151 987109863 668455977 182314221
969 964
4300 2219 9002 3155 2270 6672
60 64 30 18 52 21
2453 6837 6594 9416 7953 8271
34 38 83 85 61 37
968 973
718121460 257591732 278438426 896720126 648007059 364371705
8132662 1335281 7192566 6190837 9710845 6768187
562206843 939742849 261802045 877767646 817500977 766003340
6074156 4636013 530533 2866357 3292488 2845322
981 955
819914916 641871319 374063872 345361240 656006849 650713778
8885889 1524348 3310952 9330983 4896477 7231683
657704048 393911041 432893408 289759834 790837960 557830979
3687277 799274 5567398 2060090 1123215 6098878
988 994
48819691 288110559 984750175 747736902 291095829 76764374
7301922 8919129 1228792 1949021 1570147 7595243
181182851 668505476 531919518 578672978 350964218 337681927
2972652 7386614 2675588 9566474 1363910 9658582
969 962
885805411 27129058 804514874 215444203 42118352 452478575
9283667 2020011 8261638 5207759 1960099 4483762
307372010 44994053 981199291 367243868 720122912 788356912
2318903 5882486 8642115 1811164 4965047 4080812
988 984
712960853 543582015 462535657 839379683 835527607 558771586
444290747 992747447 633672617 876981193 918579741 501082121
892702637 575288741 952994080 254384238 450905001 314668449
286291380 846087542 508934950 537728979 268921200 925268813
997 968
270939784 704259672 476957707 339516019 823959807 677414719
2758271 7642457 4257816 832770 1853981 4870975
826882269 789389534 364649577 399084890 976533541 511775322
6821882 3850447 1911930 1570467 6376473 3491350
992 991
43561486 855924336 790421730 27546274 482458803 321454337
636720958 159990281 742053083 107344026 895041621 445679077
396657798 484901985 835055809 471945497 957220795 529194797
207742540 547598766 783313141 403078348 492245831 925885068
954 976
656476343 563856935 784898141 352106500 955202765 369732285
9681105 4410043 6302868 7729968 4803401 8861368
157268419 508145997 332436023 566990034 93978181 76134448
8040584 5228318 7467247 6350517 6193110 2329483
973 953
684472792 711565413 646240429 369175050 773331710 374032815
197540345 350935532 252195251 971815782 418421909 595252767
161647332 864560804 376316528 475842095 159844639 788986658
358896449 774755990 375124642 275590387 387988 789113299
998 997
91769555 469330591 160632888 393345712 39210392 879018424
4629363 2611119 4291012 5616292 6467615 9012743
857263319 337408131 204941409 149615099 348859971 920413730
4344077 4190128 9803024 80945 3920941 7351138
954 974
758562941 612203761 373313477 195498755 460650725 509489951
951709 9040312 549374 6139308 2028438 2365040
940076281 403644874 788637146 70086764 116493822 384907394
5342066 425524 272542 3924495 6085126 3200417
953 983
219723863 421563421 627942958 119164594 235703731 841649057
2350100 4238483 6561282 9082297 9768292 9619901
424381975 802468087 750383623 66336987 901584549 657267860
4482032 9469433 1510544 8426763 8326990 446013
980 963
656160532 970959661 314109986 608120228 418918011 89922773
4007034 7210951 2588637 7048551 7293691 7473377
786476060 282131867 302417303 137889362 676737424 264563656
1410995 857984 8974545 4739125 2943984 7520181
988 956
368601958 881947119 191090127 844679932 574007621 421516600
795297930 205475032 370113684 74321908 277724264 930677193
706798815 564491394 769201931 125411438 86802692 564599656
753030928 60341127 431006089 865926682 664998902 525807799
955 961
142195705 960475037 328788236 355821152 921373581 706194799
741351943 342823560 980707280 484972982 208492483 720875799
412355620 527800956 588227590 707171362 428245757 614986512
442719499 467511738 725713267 108257758 287885526 980779633
981 1000
556159075 841088877 39126022 167651030 108415735 727302821
2973450 7130999 2874935 880249 1627742 4773584
279661650 897809116 312070516 522914588 508593744 643906065
6949100 8144500 4378737 7088461 8722107 6285472
973 977
40500057 345096491 137623523 908551429 423763933 748990652
2977463 7254493 6451677 2034539 5080679 1104337
206232160 945409189 437929704 620242195 485014870 925039473
2099324 5061259 4790181 4221230 7795680 2457110
1000 977
985912881 998352011 697252555 250646950 351818159 31360904
535080783 610710232 328280041 252057402 556888902 395109452
920046852 98201895 279946946 626046980 703298311 994051979
263485428 25868851 948518964 933546482 673142490 214071349
961 996
728949786 280218053 955348328 463154922 99430209 28217214
3005898 2121941 8790383 5630164 2450941 6965804
606667608 686632906 875544409 762871718 482971261 420851053
3803938 6812205 4210801 4565795 8067928 2406608
987 977
947358698 794528080 851723371 50332270 814335543 225504476
507767075 571032739 398175800 287725098 68694935 778690557
744955574 338111159 494834588 405484185 659621151 407359351
649930813 219605640 277975298 949289807 700056237 569283122
970 1000
53885985 35623003 244811864 540096183 969438300 213757001
403658175 369801021 184331644 972104578 502139000 908852001
324302588 659238423 23417502 568304082 129612598 324548684
429455929 47789675 771704062 76251973 537940677 782768862
970 972
951195059 500541668 459653512 488693400 959696468 797321410
586415306 318913931 55119305 356249616 430762305 916323463
140800583 435560628 251201510 519700828 868906683 614019345
971431778 82105702 489103132 543474297 846419449 683524291
988 963
152011089 41089655 10560795 358914879 905327516 398080678
5930924 5792305 9234502 8621999 1068236 52521
949397683 534838180 791159750 590157334 604747815 548594340
2318800 9043796 1048614 3515125 2363262 1394435
991 982
210571562 831925216 318022197 688553837 48526858 206275386
8579797 3841341 4522603 5970092 6509494 2457701
212586785 721880078 638870080 748930846 755839523 325964990
7925398 4889312 6527749 2742464 1097535 8286293
990 971
567090792 710388920 590089675 854458617 937666315 600010928
872635961 183939696 38623031 770349834 863810549 338562563
309634925 355342127 654987514 979107997 679803535 177867093
118063627 729890903 915763627 328909500 203026886 104349304
1000 1000
10 20 1 0 9 100005
10 10 0 0 9 100005
12345 54321 2 3 4 10243
3 10 7 9 4 17
980 967
569638088 243019014 913415187 312419712 701923660 648810537
963437285 18005190 223396930 731916555 326732613 7307571
142534966 226929439 443761322 92689770 638139654 72772440
339173091 342709139 574580988 497679988 246347192 375375892
971 982
535052422 894767211 169839405 108962442 562010915 43707261
435122 2548432 8333336 54451 6547240 5783479
722431398 43880720 467982119 810455529 998425890 849813863
1115986 4637396 7831452 7661736 5248375 5791663
957 979
140976072 212173754 777236935 445179575 427145421 160932820
198120423 872193889 277852408 523055479 113974454 860215385
696709542 919519230 975345820 604843492 267204567 652014094
881921451 813263013 963293682 402863470 970794012 207161738
1000 1000
1 2 1 0 0 1001
1000 999 1 0 998 1000
1 2 1 0 0 1001
1001 1001 0 0 1000 1001
982 970
235375410 991968853 764426089 205358993 988211395 456971528
135911277 136208701 418123160 744161459 479279097 95588946
237889092 254032250 849191881 798167045 767748461 577115440
647954963 552437879 278643834 128855737 511388508 425403702
995 964
452360359 763697953 652573063 138589941 497790002 691132344
2955233 1975635 2094992 527329 771824 49379
894164426 166212058 523719212 9706670 903699747 421121363
5852426 6528487 1480453 7482515 6863241 7870753
994 993
115304446 364285438 622796293 637413203 923239688 845258547
5875764 9942160 6714112 1017667 4066333 6088371
100778979 301836989 69417819 314195068 142643652 596900972
6174162 91989 9787454 848687 4678493 5689484
992 962
441269824 465980388 962183013 754012984 111440518 790722187
376893 2123523 5517616 8340654 3802963 2055691
227967391 109566043 321134834 56980542 861599354 718077377
7921672 6235674 1288465 1514767 3512020 2595491
961 979
985653891 224443963 744982218 934093806 503400338 912083874
4893818 1594332 2013369 2131742 3193382 6624444
28200603 336321003 890556554 268885099 309806408 438104123
9300156 861697 3322974 5774898 8247698 6000465
1000 1000
97757432 84110822 628897545 693463948 957914468 825089773
763685683 864317279 879535309 735020961 839663565 817816847
97757432 84110822 628897545 693463948 957914468 825089773
486279783 481768911 418706674 945199424 556237449 966152713
990 974
132601211 81069369 50274295 891745262 736372330 283851501
74653927 155360039 108840217 169019968 590719952 353639756
841736261 714721015 962358342 898908991 275987910 126195879
396738359 35323794 914295936 553714410 935986789 880302575
